2020年2月22号同步成功的商品SKU：

800892
5869758
2000675
7507272
235377
3445061
3180263
921733
969454
1158321
1460297
608295
786190
786148
405512
1831720
777718
4629832
2435510
235416
813779
1183332
1111932
235376
5869754
1158313
873209
921790
857037
608296
1111933
1147855
737308
1147823
1000061
1183331
786191
800869
1073531
235418
537174
1158299
608298
634766
813770
800867
2374449
1013136
754766
1147854
1111935
786151
634767
1521796
4484537
1230075
333795
1147857
1111936
857071
1122545
4786447
634735
1218952
634768
2805024
608239
813769
1337239
1086043
405508
1108011
1230077
1000054
813901
1084022
992139
799509
2266318
7390487
3830151
1122546
1062466
2374445
1086044
1026626
589969
1084021
1086103
1108014
1147856
1000394
501463
824303
1579829
694105
608301
800948
4172666
826990
1111930
1086047
1108013
2012355
1147851
1147845
1120047
694107
1169235
634771
942026
4593266
968322
610543
694106
1218828
1120078
1148991
1147850
1062439
634598
1148990
7294789
1039723
871021
1159771
729828
1147853
1108040
608282
1035242
969471
1292843
1147852
752930
634599
1148993
235410
897673
2808588
4939519
1039722
1099982
5064820
921746
800954
1304948
102017
822497
1026636
1111603
956320
918427
143779
1328884
1653774
775450
1003911
1108010
800959
786217
1148992
297037
1147849
6856662
786219
598204
1230086
1039721
1148999
235408
811629
1148998
967170
2808590
800963
1039720
786220
786222
968317
1148995
512413
786223
573333
786224
5522779
1002663
1148994
898571
6545435
5522803
1183737
1147975
1839342
1780301
3544798
1148997
634719
810362
4462461
775443
1169496
1580032
3359016
235407
3745239
800999
1084014
918430
943128
634780
1710633
1036498
6631983
918432
1012447
810365
810367
235381
813780
235406
7536788
1148996
1183325
1183324
5375158
786226
100006151302
800885
1337252
1108019
813782
1148805
1120052
5326544
1122556
1120032
1122557
6075102
1148804
1168024
3347076
1183323
1337253
1148807
240901
1111620
800910
1148806
645197
1722628
1292631
1290003
848332
1111622
657299
1120039
646509
970475
318110
659752
786174
848333
1039712
1108005
1157260
970470
1183329
1158301
1039711
970455
1122550
1363892
129934
1293676
1653784
1579840
786176
104638
1108007
786234
2218477
1039715
1171249
1171491
800846
786177
235380
4183371
1108006
836670
786179
1039714
813795
1122559
608127
1111615
813794
982533
836677
1062379
1002656
1039718
3470321
1002650
2109922
1148988
1159768
2302819
813746
1000075
1148989
1314372
2736453
608251
1221821
813766
6044659
1230070
608275
189334
828846
1256236
1064445
4231614
1108020
1111940
3843702
1039553
1270499
1111942
5275214
618370
898648
922225
1002256
608248
5685309
1461239
1221418
1171076
608249
1268392
1124055
1571581
1256220
5901545
813346
2808494
1303445
1062312
936718
1091598
1256229
1161701
136363
1062317
1090775
887332
1171162
1256228
813490
1039259
813348
618366
1256225
974854
1171048
2846435
1064451
852655
136360
618364
887330
1064450
957212
1174284
1147322
864685
837557
618349
1464854
1064452
618369
1198819
3327060
813299
1174607
1451400
1066736
1174608
618186
887329
6577577
618276
1147325
1198821
864686
813291
887326
689190
1171084
674138
922224
1462363
864688
717562
138973
1026366
618189
572270
887325
6442044
426112
1293217
1136625
5275224
717257
1174611
618338
1366223
1088280
1101069
4118243
296409
864666
368926
3258932
864668
160144
100005702713
1091551
1015657
1729205
1088282
4060251
670791
296408
1150817
864669
524759
875672
922106
1027220
887301
1015658
296406
946156
100001299975
1462364
182267
1063299
706648
1256219
876668
1198811
1150877
1510305
1134017
136434
1150924
182266
2209959
1150869
1811010
4955981
864670
100001862177
837534
667571
864671
814402
618415
2425414
837533
1295149
618351
230440
813378
1187634
814406
1199996
935355
1150927
1171143
1088286
667570
1148795
4858890
1088288
618396
887317
1040228
1148794
1002065
1027322
125870
1134015
864701
1088287
814403
1148796
1437745
792336
1136636
864613
426705
1029739
2439331
1256243
331843
2387690
618066
1040222
331844
6442022
898094
618356
1174323
7621021
125868
1256242
1150910
8344827
861141
1161585
296410
296411
7814135
1124079
391754
241138
1753693
654260
343548
1499844
2846387
674119
546488
523500
1136631
567545
792341
343546
840652
877845
2860964
1199983
1171068
100005702705
1256247
3989001
1134027
3355984
386275
4118333
4565007
1064155
414492
1547348
2066790
1089252
1088291
1174274
4361550
1171066
1171021
1088293
922109
1088292
1101082
960758
1124636
824289
1256232
1149001
1165951
404978
1199841
123836
1165952
1134022
851593
512891
1174301
1064163
1850742
1015579
1002071
1173292
1122054
6008011
1171158
402515
1027067
1138288
1174603
887337
733971
1003105
5708251
877117
1043614
850477
1593178
1151318
1586647
1306169
1154832
973364
230379
2887727
4905658
997096
617744
1154833
2002494
746691
627090
617742
891133
1033528
1223152
1029744
670621
1138356
627091
4934644
2127347
301072
617748
254089
690352
1177646
2274608
1177645
627093
1154829
1163225
973306
853158
1258001
556361
3765675
1067590
627094
1070682
2020780
853159
1177644
1163253
1022957
1022958
1128649
815160
1071825
496504
1127709
230265
2234143
973352
172441
496593
1703852
1128630
819750
390722
745498
678891
827120
241230
891526
230372
100010207486
625053
1070679
878631
625052
1211161
3095401
997150
158780
625051
158028
230370
230299
1033918
158029
1177642
675092
2030132
1103222
1068965
854802
1139524
1165551
1023890
3571251
1128655
1164102
1177641
878626
654810
1103220
854803
1269011
5295372
1138127
1066010
1150108
1586635
1138126
158784
1103310
100000322582
158043
1165556
878629
674076
593901
853284
770447
1066011
412540
854804
674079
4934638
674078
230369
230366
230290
710436
829140
1117421
555490
830663
1095804
241203
7601262
830664
6405968
1164097
987294
827124
1748262
557850
517083
4525399
1033920
230364
109569
341976
829141
796702
1141364
1163214
1103241
1138125
1163213
1018791
1154828
1103226
827116
1491500
1117415
1033925
109750
230260
626063
1186009
557848
1138123
100003204394
997135
241191
4718470
4105437
100003204396
827117
241207
674080
1057567
1138120
674081
412508
827119
1103227
557849
1309655
829145
6405966
557844
1033913
1154863
517386
973000
997160
1154867
771923
557843
964995
1082830
987817
963588
1105402
557845
241219
1117412
100003204380
2223288
678886
1034878
678881
997103
2005195
412510
1117410
1309864
2995308
1103305
230358
555504
340322
854737
937675
509932
902839
974152
8576538
1167602
965184
1023878
1007963
412516
965181
557842
292794
965182
158769
967755
781271
1177744
967753
183270
1214657
557841
132625
3809053
2104044
1177635
3571279
967750
1138133
2269051
967738
1071429
1138132
132624
158007
629964
412520
1760128
798316
230386
629967
806899
298095
100001264742
314006
1211208
2156606
1033942
1748259
412521
798319
105229
1069260
1032260
781283
817803
421723
3419592
412523
737854
183271
627086
965106
1178511
1138119
757770
827127
1178516
768162
927498
1178547
1132815
662622
1107995
1132816
495957
821278
1178518
522946
1103353
1071326
792184
1178474
821277
1154602
530901
100000716685
1132810
965512
870291
1107983
1069267
1178519
677391
980719
1128188
1132813
965357
1417056
1035815
1069441
1203680
697535
4283559
973363
8035311
1107992
965354
1132812
1009198
931778
1132808
1069269
1118521
1107991
1129200
1069440
1118520
763762
1069268
1083151
737600
3673885
737599
1132572
965616
108879
760113
3527514
1069274
1384541
773304
1203687
1095540
1203743
698301
965015
5812780
100002195658
807021
1433868
1069273
829077
310196
166295
5509348
1735451
990685
1069276
1178565
1334392
965016
700392
760070
637650
2275455
1069275
1129201
697530
1071332
4112322
1095199
495892
4876807
1069270
495854
965164
4863165
1179569
7617981
4599872
760117
698303
1129208
1095198
1071333
833410
965011
1069271
737839
1238332
1129206
1480015
166226
1095195
760115
965012
158893
1107987
1098984
1107986
121831
1095196
1095546
1095193
1106610
1023954
1133797
1095194
2373584
869598
554502
737838
133546
2770990
100000833146
1107989
100007413774
4633900
919936
158800
1071346
158801
158894
614907
1106352
1217958
4546011
869606
158805
1098986
967777
1191485
1107988
750901
965415
819486
1095542
967776
100001894624
761875
1192560
1132952
965097
3890532
1361933
1192386
1009264
495849
967775
3130828
857721
481597
1178524
166314
1024973
967774
1192469
965098
968951
1191486
129184
1964390
277331
1106617
1071172
495843
8302696
3141022
967773
1128274
4416622
1129184
1098970
1760134
1022098
967791
1095192
277330
1977454
829069
1721177
967797
870368
601338
1191481
965109
966957
965381
1130348
1098976
121829
1783308
2131348
1132821
3973386
2373604
2360411
965108
637347
1118519
1106358
1095188
965056
1132790
1154405
361461
1178449
1069278
965380
1098974
1084387
968902
1132818
8035245
698385
1095189
698384
1071436
4863319
132647
942981
158897
227217
635290
158896
915499
227218
1095185
1069284
495831
967804
1107894
967781
1107962
965175
1072322
227219
4599892
870975
277344
2142265
277349
786893
1867174
1106349
100002712706
5872341
965391
965480
1069286
1179541
965063
965481
530553
856608
965173
1214583
967787
1069281
100000158961
1069282
432500
1191459
1107907
1129194
1036823
1201475
637639
100002133840
737585
1131897
697496
1083088
1867164
495911
1844375
1129210
675971
503066
1036827
1107898
760022
495828
1036824
504636
217747
698374
698377
760009
6305537
1132804
869657
1132805
786896
1081055
856624
759331
1818222
1073757
1070084
829075
1117606
1059416
158817
1117605
7819056
737851
1059415
1120682
1095177
1107873
1721163
987079
965621
277393
1095204
1745115
819501